m = 350/1000; 
l = 115/1000;
r = 33/1000;

Ixx = 0.5*m*r^2; 
Iyy = 0.25*m*r^2 + (1/12)*m*l^2;
I = [Ixx, 0, 0;
     0, Iyy, 0; 
     0, 0, Iyy];

I*[300; 0; 0]*pi/180